1.4647
1.2769
1.2611
1.2531
1.2476
1.2498
1.2461
1.2460
1.2480
1.2352
1.2302
1.2278
1.2219
1.2145
1.2145
1.2058
1.2026
1.1969
1.1872
1.1825
1.1733
1.1676
1.1541
1.1481
1.5112
1.2806
1.2630
1.2611
1.2469
1.2439
1.2408
1.2391
1.2317
1.2219
1.2165
1.2035
1.1939
1.1897
1.1823
1.1725
1.1643
1.1572
1.1449
1.1361
1.1222
1.1135
1.1076
1.0942
1.0859
1.0710
1.0637
1.0567
1.0423
1.0416
1.0279
1.0296
1.0110
1.0047
0.9920
0.9846
0.9829
0.9757
0.9603
0.9470
0.9458
0.9297
0.9183
0.9113
0.8941
0.8823
0.8745
0.8552
0.8448
0.8229
0.8090
0.7977
0.7747
0.7432
0.7334
0.7012
0.6764
0.6588
0.6228
0.6095
0.5742
0.5410
0.5300
0.4894
0.4765
0.4413
0.4092
0.3898
0.3665
0.3522
0.3198
0.3186
0.2919
0.2611
0.2209
0.2123
0.2147
0.2139
0.1759
0.1615
0.1782
0.1343
0.1479
0.1273
0.1181
0.1305
0.0888
0.0668
0.0999
0.1927
0.1041
0.0684
0.0729
0.0577
0.1026
0.1151
0.0577
0.0368
0.0317
0.0359
0.1420
0.0910
0.0564
0.0378
0.0845
0.0792
0.0591
0.0289
0.0267
0.0215
0.0198
0.1406
0.1246
0.0356
0.0208
0.0162
0.0147
0.0166
0.1918
0.0874
0.0280
0.0168
0.0160
0.0139
0.0361
0.1188
0.0394
0.0406
0.0198
0.0146
0.0120
0.0138
0.1323
0.0504
0.0177
0.0185
0.0227
0.0148
0.0126
0.0130
0.1540
0.0382
0.0156
0.0131
0.0115
0.0855
0.0427
0.0180
0.0116
0.0084
0.0076
0.1116
0.0359
0.0373
0.0331
0.0166
0.0103
0.0085
0.0083
0.0932
0.0370
0.0582
0.0150
0.0093
0.0090
0.0073
0.0082
0.0090
0.0606
0.0663
0.0230
0.0172
0.0083
0.0067
0.0208
0.0436
